solid hex_chassis
  facet normal 0.0 0.0 1.0
    outer loop
      vertex 0.17 0.0 0.03
      vertex 0.08500000000000002 0.14722431864335458 0.03
      vertex -0.08499999999999996 0.14722431864335458 0.03
    endloop
  endfacet
  facet normal 0.0 0.0 -1.0
    outer loop
      vertex -0.08499999999999996 0.14722431864335458 0.03
      vertex 0.08500000000000002 0.14722431864335458 0.03
      vertex 0.17 0.0 0.03
    endloop
  endfacet
  facet normal 0.0 0.0 1.0
    outer loop
      vertex 0.17 0.0 0.03
      vertex -0.08499999999999996 0.14722431864335458 0.03
      vertex -0.17 2.0818995585505005e-17 0.03
    endloop
  endfacet
  facet normal 0.0 0.0 -1.0
    outer loop
      vertex -0.17 2.0818995585505005e-17 0.03
      vertex -0.08499999999999996 0.14722431864335458 0.03
      vertex 0.17 0.0 0.03
    endloop
  endfacet
  facet normal 0.0 0.0 1.0
    outer loop
      vertex 0.17 0.0 0.03
      vertex -0.17 2.0818995585505005e-17 0.03
      vertex -0.08500000000000008 -0.14722431864335453 0.03
    endloop
  endfacet
  facet normal 0.0 0.0 -1.0
    outer loop
      vertex -0.08500000000000008 -0.14722431864335453 0.03
      vertex -0.17 2.0818995585505005e-17 0.03
      vertex 0.17 0.0 0.03
    endloop
  endfacet
  facet normal 0.0 0.0 1.0
    outer loop
      vertex 0.17 0.0 0.03
      vertex -0.08500000000000008 -0.14722431864335453 0.03
      vertex 0.08500000000000002 -0.14722431864335458 0.03
    endloop
  endfacet
  facet normal 0.0 0.0 -1.0
    outer loop
      vertex 0.08500000000000002 -0.14722431864335458 0.03
      vertex -0.08500000000000008 -0.14722431864335453 0.03
      vertex 0.17 0.0 0.03
    endloop
  endfacet
  facet normal 0.0 0.0 -1.0
    outer loop
      vertex 0.17 0.0 -0.03
      vertex -0.08499999999999996 0.14722431864335458 -0.03
      vertex 0.08500000000000002 0.14722431864335458 -0.03
    endloop
  endfacet
  facet normal 0.0 0.0 1.0
    outer loop
      vertex 0.08500000000000002 0.14722431864335458 -0.03
      vertex -0.08499999999999996 0.14722431864335458 -0.03
      vertex 0.17 0.0 -0.03
    endloop
  endfacet
  facet normal 0.0 0.0 -1.0
    outer loop
      vertex 0.17 0.0 -0.03
      vertex -0.17 2.0818995585505005e-17 -0.03
      vertex -0.08499999999999996 0.14722431864335458 -0.03
    endloop
  endfacet
  facet normal 0.0 0.0 1.0
    outer loop
      vertex -0.08499999999999996 0.14722431864335458 -0.03
      vertex -0.17 2.0818995585505005e-17 -0.03
      vertex 0.17 0.0 -0.03
    endloop
  endfacet
  facet normal -0.0 0.0 -1.0
    outer loop
      vertex 0.17 0.0 -0.03
      vertex -0.08500000000000008 -0.14722431864335453 -0.03
      vertex -0.17 2.0818995585505005e-17 -0.03
    endloop
  endfacet
  facet normal 0.0 0.0 1.0
    outer loop
      vertex -0.17 2.0818995585505005e-17 -0.03
      vertex -0.08500000000000008 -0.14722431864335453 -0.03
      vertex 0.17 0.0 -0.03
    endloop
  endfacet
  facet normal 0.0 0.0 -1.0
    outer loop
      vertex 0.17 0.0 -0.03
      vertex 0.08500000000000002 -0.14722431864335458 -0.03
      vertex -0.08500000000000008 -0.14722431864335453 -0.03
    endloop
  endfacet
  facet normal -0.0 0.0 1.0
    outer loop
      vertex -0.08500000000000008 -0.14722431864335453 -0.03
      vertex 0.08500000000000002 -0.14722431864335458 -0.03
      vertex 0.17 0.0 -0.03
    endloop
  endfacet
  facet normal 0.8660254037844386 0.4999999999999999 0.0
    outer loop
      vertex 0.17 0.0 -0.03
      vertex 0.08500000000000002 0.14722431864335458 -0.03
      vertex 0.08500000000000002 0.14722431864335458 0.03
    endloop
  endfacet
  facet normal -0.8660254037844386 -0.4999999999999999 -0.0
    outer loop
      vertex 0.08500000000000002 0.14722431864335458 0.03
      vertex 0.08500000000000002 0.14722431864335458 -0.03
      vertex 0.17 0.0 -0.03
    endloop
  endfacet
  facet normal 0.8660254037844386 0.4999999999999999 -0.0
    outer loop
      vertex 0.17 0.0 -0.03
      vertex 0.08500000000000002 0.14722431864335458 0.03
      vertex 0.17 0.0 0.03
    endloop
  endfacet
  facet normal -0.8660254037844386 -0.4999999999999999 -0.0
    outer loop
      vertex 0.17 0.0 0.03
      vertex 0.08500000000000002 0.14722431864335458 0.03
      vertex 0.17 0.0 -0.03
    endloop
  endfacet
  facet normal 0.0 1.0 0.0
    outer loop
      vertex 0.08500000000000002 0.14722431864335458 -0.03
      vertex -0.08499999999999996 0.14722431864335458 -0.03
      vertex -0.08499999999999996 0.14722431864335458 0.03
    endloop
  endfacet
  facet normal 0.0 -1.0 0.0
    outer loop
      vertex -0.08499999999999996 0.14722431864335458 0.03
      vertex -0.08499999999999996 0.14722431864335458 -0.03
      vertex 0.08500000000000002 0.14722431864335458 -0.03
    endloop
  endfacet
  facet normal 0.0 1.0 -0.0
    outer loop
      vertex 0.08500000000000002 0.14722431864335458 -0.03
      vertex -0.08499999999999996 0.14722431864335458 0.03
      vertex 0.08500000000000002 0.14722431864335458 0.03
    endloop
  endfacet
  facet normal -0.0 -1.0 -0.0
    outer loop
      vertex 0.08500000000000002 0.14722431864335458 0.03
      vertex -0.08499999999999996 0.14722431864335458 0.03
      vertex 0.08500000000000002 0.14722431864335458 -0.03
    endloop
  endfacet
  facet normal -0.8660254037844385 0.5000000000000002 0.0
    outer loop
      vertex -0.08499999999999996 0.14722431864335458 -0.03
      vertex -0.17 2.0818995585505005e-17 -0.03
      vertex -0.17 2.0818995585505005e-17 0.03
    endloop
  endfacet
  facet normal 0.8660254037844385 -0.5000000000000002 0.0
    outer loop
      vertex -0.17 2.0818995585505005e-17 0.03
      vertex -0.17 2.0818995585505005e-17 -0.03
      vertex -0.08499999999999996 0.14722431864335458 -0.03
    endloop
  endfacet
  facet normal -0.8660254037844385 0.5000000000000002 0.0
    outer loop
      vertex -0.08499999999999996 0.14722431864335458 -0.03
      vertex -0.17 2.0818995585505005e-17 0.03
      vertex -0.08499999999999996 0.14722431864335458 0.03
    endloop
  endfacet
  facet normal 0.8660254037844385 -0.5000000000000002 0.0
    outer loop
      vertex -0.08499999999999996 0.14722431864335458 0.03
      vertex -0.17 2.0818995585505005e-17 0.03
      vertex -0.08499999999999996 0.14722431864335458 -0.03
    endloop
  endfacet
  facet normal -0.8660254037844387 -0.4999999999999997 0.0
    outer loop
      vertex -0.17 2.0818995585505005e-17 -0.03
      vertex -0.08500000000000008 -0.14722431864335453 -0.03
      vertex -0.08500000000000008 -0.14722431864335453 0.03
    endloop
  endfacet
  facet normal 0.8660254037844387 0.4999999999999997 0.0
    outer loop
      vertex -0.08500000000000008 -0.14722431864335453 0.03
      vertex -0.08500000000000008 -0.14722431864335453 -0.03
      vertex -0.17 2.0818995585505005e-17 -0.03
    endloop
  endfacet
  facet normal -0.8660254037844387 -0.4999999999999997 0.0
    outer loop
      vertex -0.17 2.0818995585505005e-17 -0.03
      vertex -0.08500000000000008 -0.14722431864335453 0.03
      vertex -0.17 2.0818995585505005e-17 0.03
    endloop
  endfacet
  facet normal 0.8660254037844387 0.4999999999999997 0.0
    outer loop
      vertex -0.17 2.0818995585505005e-17 0.03
      vertex -0.08500000000000008 -0.14722431864335453 0.03
      vertex -0.17 2.0818995585505005e-17 -0.03
    endloop
  endfacet
  facet normal -3.265361837132811e-16 -1.0 0.0
    outer loop
      vertex -0.08500000000000008 -0.14722431864335453 -0.03
      vertex 0.08500000000000002 -0.14722431864335458 -0.03
      vertex 0.08500000000000002 -0.14722431864335458 0.03
    endloop
  endfacet
  facet normal 3.265361837132811e-16 1.0 0.0
    outer loop
      vertex 0.08500000000000002 -0.14722431864335458 0.03
      vertex 0.08500000000000002 -0.14722431864335458 -0.03
      vertex -0.08500000000000008 -0.14722431864335453 -0.03
    endloop
  endfacet
  facet normal -3.265361837132811e-16 -1.0 0.0
    outer loop
      vertex -0.08500000000000008 -0.14722431864335453 -0.03
      vertex 0.08500000000000002 -0.14722431864335458 0.03
      vertex -0.08500000000000008 -0.14722431864335453 0.03
    endloop
  endfacet
  facet normal 3.265361837132811e-16 1.0 0.0
    outer loop
      vertex -0.08500000000000008 -0.14722431864335453 0.03
      vertex 0.08500000000000002 -0.14722431864335458 0.03
      vertex -0.08500000000000008 -0.14722431864335453 -0.03
    endloop
  endfacet
  facet normal 0.8660254037844386 -0.4999999999999999 0.0
    outer loop
      vertex 0.08500000000000002 -0.14722431864335458 -0.03
      vertex 0.17 0.0 -0.03
      vertex 0.17 0.0 0.03
    endloop
  endfacet
  facet normal -0.8660254037844386 0.4999999999999999 0.0
    outer loop
      vertex 0.17 0.0 0.03
      vertex 0.17 0.0 -0.03
      vertex 0.08500000000000002 -0.14722431864335458 -0.03
    endloop
  endfacet
  facet normal 0.8660254037844386 -0.4999999999999999 0.0
    outer loop
      vertex 0.08500000000000002 -0.14722431864335458 -0.03
      vertex 0.17 0.0 0.03
      vertex 0.08500000000000002 -0.14722431864335458 0.03
    endloop
  endfacet
  facet normal -0.8660254037844386 0.4999999999999999 0.0
    outer loop
      vertex 0.08500000000000002 -0.14722431864335458 0.03
      vertex 0.17 0.0 0.03
      vertex 0.08500000000000002 -0.14722431864335458 -0.03
    endloop
  endfacet
endsolid hex_chassis
